
NUMPOLLIES 8

// Front Door
-0.5 1.0 -3.0 0.0 1.0
-0.5 0.0 -3.0 0.0 0.0
0.5 0.0 -3.0 1.0 0.0
0.5 0.0 -3.0 1.0 0.0
0.5 1.0 -3.0 1.0 1.0
-0.5 1.0 -3.0 0.0 1.0

// Back Door
-0.5 0.0 3.0 0.0 0.0
-0.5 1.0 3.0 0.0 1.0
0.5 1.0 3.0 1.0 1.0
0.5 1.0 3.0 1.0 1.0
0.5 0.0 3.0 1.0 0.0
-0.5 0.0 3.0 0.0 0.0

// Left Door

-3.0 0.0 -0.5 1.0 0.0
-3.0 1.0 -0.5 1.0 1.0
-3.0 1.0 0.5 0.0 1.0
-3.0 1.0 0.5 0.0 1.0
-3.0 0.0 0.5 0.0 0.0
-3.0 0.0 -0.5 1.0 0.0

//Right Door

3.0 0.0 -0.5 0.0 0.0
3.0 0.0 0.5 1.0 0.0
3.0 1.0 0.5 1.0 1.0
3.0 1.0 0.5 1.0 1.0
3.0 1.0 -0.5 0.0 1.0
3.0 0.0 -0.5 0.0 0.0