1	29	592
2	279	67
3	125	166
4	171	112
5	191	85
6	191	165
7	671	165
8	624	189
9	635	162
10	110	82
11	108	104
12	102	125
13	553	37
14	580	37
15	291	592
16	291	567
17	299	541
18	263	527
19	269	32
20	308	42
21	637	57
22	442	75
23	751	237
24	216	50
25	729	197
26	550	130
27	253	393
28	163	295
29	163	372
30	240	334
31	312	168
32	789	360
33	476	235
34	471	164
35	445	406
36	429	448
37	252	424
38	241	468
39	650	360
40	653	424
41	675	281
42	471	313
43	627	119
44	53	679
45	535	94
46	544	59
47	271	259
48	188	224
49	653	463
50	435	499
51	524	444
52	568	467
53	136	432
54	191	431
55	155	492
56	157	558
57	219	631
58	289	309
59	99	144
60	126	144
61	172	144
62	193	144
63	242	144
64	242	167
65	242	228
66	271	228
67	329	227
68	242	259
69	242	320
70	165	320
71	165	358
72	242	358
73	329	358
74	329	338
75	329	320
76	288	320
77	329	169
78	329	79
79	308	79
80	280	79
81	269	79
82	240	79
83	242	85
84	240	64
85	241	33
86	216	65
87	117	67
88	241	393
89	241	423
90	241	453
91	190	451
92	153	451
93	136	451
94	330	452
95	251	528
96	250	540
97	251	564
98	251	585
99	219	584
100	159	584
101	66	585
102	30	585
103	66	677
104	250	630
105	292	581
106	330	583
107	415	339
108	450	339
109	470	339
110	524	339
111	540	339
112	596	339
113	650	339
114	717	339
115	778	339
116	788	339
117	717	423
118	717	453
119	652	453
120	567	454
121	540	454
122	451	524
123	451	498
124	451	447
125	451	403
126	413	233
127	525	233
128	718	254
129	752	254
130	787	254
131	787	235
132	718	280
133	718	237
134	540	442
135     0        0
136	0        0
137	0        0
138	0        0
139	0        0
140	0        0
141	0        0
142	0        0
143	0        0
144	786	215
145	717	215
146	717	196
147	717	176
148	785	176
149	672	176
150	636	176
151	624	176
152	597	176
153	597	189
154	523	176
155	469	176
156	413	176
157	413	76
158	522	34
159	522	59
160	522	76
161	522	92
162	522	129
163	596	56
164	596	119
165	541	523
